Width:		160
Height:		96
Frames:		5
encode time:	0.003110 sec
FPS:		1607.717042 fps
