Width:		160
Height:		96
Frames:		5
encode time:	0.002789 sec
FPS:		1792.757261 fps
