Width:		320
Height:		192
Frames:		9
encode time:	0.011149 sec
FPS:		807.247287 fps
